Wave	Shawn LED
190.96	760.67
191.34	760.67
191.72	760.67
192.10	748.97
192.48	744.29
192.86	695.14
193.24	755.99
193.62	814.51
193.99	695.14
194.37	781.74
194.75	685.78
195.13	739.61
195.51	786.42
195.89	805.14
196.27	826.21
196.65	777.06
197.03	770.04
197.41	870.68
197.78	835.57
198.16	863.66
198.54	898.77
198.92	910.47
199.30	908.13
199.68	1015.79
200.06	976.00
200.44	966.64
200.81	1001.75
201.19	1022.81
201.57	1057.92
201.95	1050.90
202.33	1062.60
202.71	1060.26
203.09	1088.35
203.46	1086.01
203.84	1111.75
204.22	1097.71
204.60	1055.58
204.98	1083.67
205.36	1118.78
205.73	1132.82
206.11	1121.12
206.49	1050.90
206.87	1086.01
207.25	1107.07
207.63	1100.05
208.00	1102.39
208.38	1069.62
208.76	1100.05
209.14	1086.01
209.52	1104.73
209.89	1069.62
210.27	1078.99
210.65	1036.86
211.03	1128.14
211.41	1093.03
211.78	1130.48
212.16	1076.65
212.54	1130.48
212.92	1109.41
213.29	1069.62
213.67	1046.22
214.05	1057.92
214.43	1034.52
214.81	1060.26
215.18	1034.52
215.56	1067.28
215.94	1067.28
216.32	1100.05
216.69	1064.94
217.07	1067.28
217.45	1069.62
217.83	1104.73
218.20	1027.50
218.58	1022.81
218.96	1043.88
219.33	1043.88
219.71	1160.91
220.09	1093.03
220.47	1048.56
220.84	1095.37
221.22	1076.65
221.60	1076.65
221.97	1076.65
222.35	1060.26
222.73	1060.26
223.11	1121.12
223.48	1123.46
223.86	1018.13
224.24	1055.58
224.61	1107.07
224.99	1109.41
225.37	1067.28
225.74	1039.20
226.12	1111.75
226.50	1053.24
226.87	1041.54
227.25	1053.24
227.63	1053.24
228.00	1043.88
228.38	1083.67
228.76	1100.05
229.13	1069.62
229.51	1046.22
229.89	1043.88
230.26	1025.15
230.64	1069.62
231.02	1097.71
231.39	1086.01
231.77	1090.69
232.14	1135.16
232.52	1067.28
232.90	1086.01
233.27	1114.10
233.65	1076.65
234.03	1146.86
234.40	1100.05
234.78	1043.88
235.15	1114.10
235.53	1093.03
235.91	1039.20
236.28	1053.24
236.66	1097.71
237.03	1095.37
237.41	1093.03
237.79	1029.84
238.16	1139.84
238.54	1043.88
238.91	1160.91
239.29	1078.99
239.66	1013.45
240.04	1116.44
240.42	1053.24
240.79	1090.69
241.17	1095.37
241.54	1107.07
241.92	1109.41
242.29	1116.44
242.67	1041.54
243.04	985.37
243.42	1081.33
243.79	1093.03
244.17	1046.22
244.55	1111.75
244.92	1111.75
245.30	1043.88
245.67	1102.39
246.05	1053.24
246.42	1088.35
246.80	1118.78
247.17	1090.69
247.55	1100.05
247.92	1146.86
248.30	1135.16
248.67	1125.80
249.05	1109.41
249.42	1090.69
249.80	1071.97
250.17	1114.10
250.55	1060.26
250.92	1095.37
251.30	1083.67
251.67	1102.39
252.05	1076.65
252.42	1083.67
252.79	1062.60
253.17	1139.84
253.54	1146.86
253.92	1034.52
254.29	1160.91
254.67	1090.69
255.04	1074.31
255.42	1083.67
255.79	1083.67
256.17	1114.10
256.54	1076.65
256.91	1158.57
257.29	997.07
257.66	1123.46
258.04	1102.39
258.41	1057.92
258.79	1095.37
259.16	1107.07
259.53	1142.18
259.91	1046.22
260.28	1086.01
260.66	1121.12
261.03	1067.28
261.40	1093.03
261.78	1090.69
262.15	1057.92
262.53	1043.88
262.90	1097.71
263.27	1125.80
263.65	1071.97
264.02	1144.52
264.39	1076.65
264.77	1125.80
265.14	1074.31
265.52	1046.22
265.89	1067.28
266.26	1057.92
266.64	1078.99
267.01	1062.60
267.38	1118.78
267.76	1071.97
268.13	1123.46
268.50	1043.88
268.88	1097.71
269.25	1090.69
269.62	1062.60
270.00	1100.05
270.37	1114.10
270.74	1060.26
271.12	1102.39
271.49	1095.37
271.86	1146.86
272.24	1109.41
272.61	1109.41
272.98	1097.71
273.35	1097.71
273.73	1067.28
274.10	1036.86
274.47	1130.48
274.85	1142.18
275.22	1137.50
275.59	1088.35
275.96	1118.78
276.34	1123.46
276.71	1146.86
277.08	1132.82
277.46	1048.56
277.83	1069.62
278.20	1060.26
278.57	1107.07
278.95	1095.37
279.32	1114.10
279.69	1074.31
280.06	1027.50
280.44	1116.44
280.81	1118.78
281.18	1057.92
281.55	1057.92
281.92	1086.01
282.30	1069.62
282.67	1086.01
283.04	1093.03
283.41	1146.86
283.79	1128.14
284.16	1032.18
284.53	1090.69
284.90	1111.75
285.27	1142.18
285.65	1135.16
286.02	1069.62
286.39	1071.97
286.76	1100.05
287.13	1146.86
287.51	1074.31
287.88	1039.20
288.25	1064.94
288.62	1090.69
288.99	1088.35
289.36	1114.10
289.74	1093.03
290.11	1097.71
290.48	1137.50
290.85	1071.97
291.22	1090.69
291.59	1116.44
291.96	1069.62
292.34	1111.75
292.71	1107.07
293.08	1203.04
293.45	1107.07
293.82	1013.45
294.19	1116.44
294.56	1078.99
294.93	1151.54
295.31	1088.35
295.68	1109.41
296.05	1135.16
296.42	1107.07
296.79	1193.67
297.16	1048.56
297.53	1097.71
297.90	1137.50
298.27	1179.63
298.64	1081.33
299.02	1097.71
299.39	1118.78
299.76	1078.99
300.13	1198.35
300.50	1083.67
300.87	1083.67
301.24	1139.84
301.61	1109.41
301.98	1064.94
302.35	1086.01
302.72	1081.33
303.09	1158.57
303.46	1081.33
303.83	1100.05
304.20	1050.90
304.57	1095.37
304.94	1076.65
305.31	1039.20
305.69	1139.84
306.06	1128.14
306.43	1137.50
306.80	1109.41
307.17	1198.35
307.54	1160.91
307.91	1039.20
308.28	1095.37
308.65	1086.01
309.02	1090.69
309.39	1156.22
309.76	1076.65
310.13	1093.03
310.50	1078.99
310.87	1114.10
311.24	1074.31
311.60	1071.97
311.97	1137.50
312.34	1104.73
312.71	1093.03
313.08	1022.81
313.45	1081.33
313.82	1100.05
314.19	1095.37
314.56	1081.33
314.93	1060.26
315.30	1088.35
315.67	1102.39
316.04	1046.22
316.41	1083.67
316.78	1025.15
317.15	1100.05
317.52	1118.78
317.89	1062.60
318.25	1144.52
318.62	1144.52
318.99	1088.35
319.36	1102.39
319.73	1137.50
320.10	1149.20
320.47	1093.03
320.84	1163.25
321.21	1137.50
321.58	1132.82
321.94	1123.46
322.31	1111.75
322.68	1074.31
323.05	1146.86
323.42	1181.97
323.79	1165.59
324.16	1088.35
324.53	1008.77
324.89	1114.10
325.26	1158.57
325.63	1095.37
326.00	1116.44
326.37	1114.10
326.74	1053.24
327.10	1114.10
327.47	1060.26
327.84	1102.39
328.21	1078.99
328.58	1139.84
328.95	1146.86
329.31	1090.69
329.68	1102.39
330.05	1062.60
330.42	1095.37
330.79	1095.37
331.15	1076.65
331.52	1107.07
331.89	1156.22
332.26	1146.86
332.63	1179.63
332.99	1111.75
333.36	1146.86
333.73	1104.73
334.10	1062.60
334.47	1198.35
334.83	1139.84
335.20	1123.46
335.57	1078.99
335.94	1095.37
336.30	1116.44
336.67	1146.86
337.04	1039.20
337.41	1153.88
337.77	1081.33
338.14	1081.33
338.51	1097.71
338.88	1118.78
339.24	1074.31
339.61	1111.75
339.98	1158.57
340.34	1125.80
340.71	1083.67
341.08	1142.18
341.45	1067.28
341.81	1139.84
342.18	1125.80
342.55	1029.84
342.91	1036.86
343.28	1118.78
343.65	1111.75
344.01	1156.22
344.38	1086.01
344.75	1020.47
345.11	1088.35
345.48	1034.52
345.85	1069.62
346.21	1172.61
346.58	1067.28
346.95	1156.22
347.31	1165.59
347.68	1118.78
348.05	1090.69
348.41	1043.88
348.78	1067.28
349.15	1128.14
349.51	1093.03
349.88	1034.52
350.25	1090.69
350.61	1193.67
350.98	1111.75
351.34	1074.31
351.71	1093.03
352.08	1088.35
352.44	1088.35
352.81	1095.37
353.17	1130.48
353.54	1093.03
353.91	1097.71
354.27	1118.78
354.64	1118.78
355.00	1046.22
355.37	1027.50
355.74	1109.41
356.10	1050.90
356.47	1053.24
356.83	1095.37
357.20	1093.03
357.56	1048.56
357.93	1179.63
358.29	1090.69
358.66	1083.67
359.03	1177.29
359.39	1146.86
359.76	1074.31
360.12	1083.67
360.49	1137.50
360.85	1029.84
361.22	1095.37
361.58	1132.82
361.95	1090.69
362.31	1114.10
362.68	1135.16
363.04	1095.37
363.41	1184.31
363.77	1102.39
364.14	1043.88
364.50	1132.82
364.87	1086.01
365.23	1081.33
365.60	1142.18
365.96	1170.27
366.33	1100.05
366.69	1076.65
367.06	1121.12
367.42	1118.78
367.79	1118.78
368.15	1156.22
368.52	1086.01
368.88	1027.50
369.24	1053.24
369.61	1116.44
369.97	1062.60
370.34	1097.71
370.70	1107.07
371.07	1078.99
371.43	1132.82
371.79	1074.31
372.16	1121.12
372.52	1076.65
372.89	1144.52
373.25	1142.18
373.62	1153.88
373.98	1149.20
374.34	1111.75
374.71	1128.14
375.07	1067.28
375.44	1069.62
375.80	1086.01
376.16	1041.54
376.53	1104.73
376.89	1088.35
377.25	1067.28
377.62	1139.84
377.98	1102.39
378.35	1116.44
378.71	1104.73
379.07	1046.22
379.44	1125.80
379.80	1139.84
380.16	1184.31
380.53	1097.71
380.89	1146.86
381.25	1102.39
381.62	1107.07
381.98	1064.94
382.34	1118.78
382.71	1151.54
383.07	1025.15
383.43	1128.14
383.80	1114.10
384.16	1100.05
384.52	1114.10
384.88	1107.07
385.25	1097.71
385.61	1107.07
385.97	1144.52
386.34	1050.90
386.70	1097.71
387.06	1050.90
387.42	1114.10
387.79	1090.69
388.15	1170.27
388.51	1053.24
388.87	1086.01
389.24	1090.69
389.60	1048.56
389.96	1097.71
390.32	1006.43
390.69	1097.71
391.05	1100.05
391.41	1151.54
391.77	1121.12
392.14	1062.60
392.50	1193.67
392.86	1156.22
393.22	1107.07
393.59	1095.37
393.95	1036.86
394.31	1083.67
394.67	1078.99
395.03	1057.92
395.40	1160.91
395.76	1086.01
396.12	1060.26
396.48	1076.65
396.84	1125.80
397.20	1203.04
397.57	1102.39
397.93	1078.99
398.29	1095.37
398.65	1100.05
399.01	1167.93
399.37	1132.82
399.74	1097.71
400.10	1121.12
400.46	1172.61
400.82	1114.10
401.18	1149.20
401.54	1121.12
401.90	1088.35
402.27	1170.27
402.63	1128.14
402.99	1160.91
403.35	1191.33
403.71	1160.91
404.07	1214.74
404.43	1179.63
404.79	1219.42
405.16	1095.37
405.52	1181.97
405.88	1093.03
406.24	1074.31
406.60	1191.33
406.96	1135.16
407.32	1174.95
407.68	1095.37
408.04	1076.65
408.40	1109.41
408.76	1109.41
409.12	1107.07
409.48	1102.39
409.84	1071.97
410.21	1041.54
410.57	1142.18
410.93	1167.93
411.29	1174.95
411.65	1139.84
412.01	1144.52
412.37	1067.28
412.73	1090.69
413.09	1142.18
413.45	1167.93
413.81	1057.92
414.17	1135.16
414.53	1146.86
414.89	1071.97
415.25	1114.10
415.61	1062.60
415.97	1144.52
416.33	1130.48
416.69	1128.14
417.05	1043.88
417.41	1111.75
417.77	1151.54
418.13	1156.22
418.49	1083.67
418.85	1156.22
419.21	1100.05
419.57	1184.31
419.92	1179.63
420.28	1144.52
420.64	1170.27
421.00	1170.27
421.36	1172.61
421.72	1109.41
422.08	1240.48
422.44	1142.18
422.80	1165.59
423.16	1184.31
423.52	1114.10
423.88	1142.18
424.24	1135.16
424.59	1158.57
424.95	1186.65
425.31	1125.80
425.67	1130.48
426.03	1170.27
426.39	1235.80
426.75	1184.31
427.11	1193.67
427.47	1125.80
427.82	1207.72
428.18	1212.40
428.54	1167.93
428.90	1151.54
429.26	1142.18
429.62	1186.65
429.98	1181.97
430.33	1179.63
430.69	1205.38
431.05	1174.95
431.41	1137.50
431.77	1200.69
432.13	1177.29
432.48	1188.99
432.84	1212.40
433.20	1205.38
433.56	1308.36
433.92	1390.28
434.27	1724.97
434.63	2401.39
434.99	2841.41
435.35	2874.18
435.71	2588.63
436.06	2010.52
436.42	1863.07
436.78	1586.88
437.14	1519.01
437.50	1418.36
437.85	1364.53
438.21	1362.19
438.57	1322.40
438.93	1366.87
439.28	1343.47
439.64	1376.24
440.00	1338.79
440.36	1469.86
440.71	1413.68
441.07	1502.62
441.43	1455.81
441.78	1516.67
442.14	1572.84
442.50	1495.60
442.86	1636.03
443.21	1624.33
443.57	1699.23
443.93	1659.44
444.28	1685.19
444.64	1717.95
445.00	1783.49
445.35	1825.62
445.71	1858.39
446.07	1874.77
446.43	1982.43
446.78	2043.29
447.14	2059.67
447.50	2017.54
447.85	2270.32
448.21	2188.40
448.57	2314.79
448.92	2216.49
449.28	2434.16
449.63	2537.14
449.99	2654.17
450.35	2715.02
450.70	2822.69
451.06	2874.18
451.42	2937.37
451.77	2920.99
452.13	3152.70
452.48	3272.07
452.84	3396.12
453.20	3480.38
453.55	3623.15
453.91	3723.79
454.26	4053.81
454.62	4016.36
454.98	4276.16
455.33	4479.79
455.69	4554.68
456.04	4739.58
456.40	4954.91
456.75	5158.54
457.11	5458.13
457.47	5542.39
457.82	5959.00
458.18	6150.93
458.53	6389.66
458.89	6710.32
459.24	7068.42
459.60	7307.15
459.95	7552.91
460.31	8067.83
460.66	8283.16
461.02	8755.94
461.37	9334.06
461.73	9652.37
462.08	10232.82
462.44	10551.14
462.79	11316.49
463.15	11803.32
463.50	12250.36
463.86	13235.73
464.21	13678.09
464.57	14665.80
464.92	15351.57
465.28	16065.44
465.63	16540.57
465.99	18237.45
466.34	18883.44
466.70	19377.30
467.05	20973.54
467.41	21287.17
467.76	22930.23
468.12	24070.07
468.47	25106.93
468.82	26412.95
469.18	27290.65
469.53	28905.62
469.89	29926.09
470.24	31756.39
470.60	33127.94
470.95	34155.44
471.30	35660.40
471.66	37167.71
472.01	38621.18
472.37	39744.64
472.72	41528.13
473.07	42590.73
473.43	43580.78
473.78	44559.12
474.13	46153.02
474.49	46848.16
474.84	48102.69
475.20	49284.66
475.55	50145.98
475.90	50506.42
476.26	51330.29
476.61	52336.72
476.96	52711.20
477.32	53446.13
477.67	53612.31
478.02	54183.40
478.38	54181.06
478.73	54864.50
479.08	55124.30
479.44	55124.30
479.79	55009.61
480.14	54883.22
480.50	54981.52
480.85	54908.97
481.20	54869.18
481.55	55138.34
481.91	54607.04
482.26	54384.69
482.61	54623.42
482.97	54227.87
483.32	53890.83
483.67	53975.09
484.02	53272.93
484.38	53020.16
484.73	52559.07
485.08	51922.44
485.43	51498.81
485.79	50937.08
486.14	50050.02
486.49	49324.45
486.84	49242.53
487.20	48048.86
487.55	47159.45
487.90	46384.74
488.25	45057.65
488.61	44271.23
488.96	43246.08
489.31	42246.67
489.66	41237.90
490.01	40182.32
490.37	39084.61
490.72	38670.33
491.07	36907.91
491.42	35812.54
491.77	35150.17
492.12	34277.15
492.48	33102.20
492.83	32182.37
493.18	31637.02
493.53	30087.59
493.88	29235.63
494.23	28709.01
494.59	27587.89
494.94	26845.94
495.29	25991.65
495.64	25310.55
495.99	24407.11
496.34	23550.47
496.69	23070.66
497.05	22286.58
497.40	21853.58
497.75	21369.09
498.10	20690.34
498.45	20126.27
498.80	19625.39
499.15	18991.11
499.50	18448.10
499.85	17722.54
500.20	17001.65
500.56	16933.78
500.91	16077.14
501.26	15932.03
501.61	15454.56
501.96	14965.39
502.31	14555.79
502.66	13870.01
503.01	13635.96
503.36	13446.38
503.71	13231.05
504.06	12610.81
504.41	11997.59
504.76	12224.62
505.11	11267.34
505.46	11286.06
505.81	10881.15
506.16	10394.32
506.51	10410.70
506.86	9914.51
507.21	9617.26
507.56	9298.95
507.91	9069.58
508.26	8744.24
508.61	8582.74
508.96	8241.03
509.31	7941.44
509.66	7882.92
510.01	7520.14
510.36	7517.80
510.71	7126.93
511.06	7138.63
511.41	6862.45
511.76	6604.99
512.11	6506.69
512.46	6267.95
512.81	6122.84
513.16	5970.71
513.51	5668.78
513.86	5535.37
514.21	5504.94
514.55	5378.55
514.90	5172.58
515.25	5027.47
515.60	4901.08
515.95	4870.65
516.30	4660.01
516.65	4447.02
517.00	4468.08
517.35	4409.57
517.70	4304.25
518.04	4234.03
518.39	4028.06
518.74	4009.34
519.09	3887.63
519.44	3749.54
519.79	3695.71
520.14	3794.01
520.48	3524.85
520.83	3606.77
521.18	3485.06
521.53	3339.94
521.88	3253.34
522.23	3281.43
522.58	3169.09
522.92	3166.74
523.27	3166.74
523.62	2895.24
523.97	3000.57
524.32	2932.69
524.66	2991.20
525.01	2670.55
525.36	2820.35
525.71	2780.56
526.06	2607.36
526.40	2579.27
526.75	2642.46
527.10	2682.25
527.45	2459.90
527.79	2406.07
528.14	2368.62
528.49	2455.22
528.84	2275.00
529.18	2349.90
529.53	2345.22
529.88	2277.34
530.23	2251.60
530.57	2160.31
530.92	2204.78
531.27	2047.97
531.62	2186.06
531.96	2092.44
532.31	2012.86
532.66	1989.46
533.00	2073.71
533.35	2001.16
533.70	2017.54
534.04	2057.33
534.39	1961.37
534.74	2024.56
535.09	1954.35
535.43	2001.16
535.78	1996.48
536.13	1863.07
536.47	1879.45
536.82	1935.62
537.17	1926.26
537.51	1996.48
537.86	2092.44
538.20	2146.27
538.55	2183.72
538.90	2176.70
539.24	2143.93
539.59	2298.41
539.94	2438.84
540.28	2656.51
540.63	2874.18
540.97	3356.33
541.32	3721.45
541.67	4170.83
542.01	4397.87
542.36	4545.32
542.70	4770.01
543.05	4844.91
543.40	4772.35
543.74	4767.67
544.09	4613.20
544.43	4559.36
544.78	5207.69
545.12	5844.32
545.47	6183.70
545.81	5481.53
546.16	4613.20
546.51	3932.10
546.85	3531.87
547.20	3159.72
547.54	2789.92
547.89	2576.93
548.23	2424.80
548.58	2506.71
548.92	2473.95
549.27	2417.77
549.61	2352.24
549.96	2340.54
550.30	2242.23
550.65	2136.91
550.99	2193.08
551.34	2181.38
551.68	2218.83
552.03	2125.21
552.37	2076.06
552.72	1900.52
553.06	2017.54
553.41	1893.49
553.75	1944.99
554.09	1776.47
554.44	1682.85
554.78	1654.76
555.13	1767.10
555.47	1657.10
555.82	1664.12
556.16	1696.89
556.50	1631.35
556.85	1675.82
557.19	1584.54
557.54	1600.93
557.88	1617.31
558.22	1621.99
558.57	1657.10
558.91	1654.76
559.26	1617.31
559.60	1598.59
559.94	1612.63
560.29	1584.54
560.63	1629.01
560.97	1612.63
561.32	1540.07
561.66	1619.65
562.01	1612.63
562.35	1579.86
562.69	1584.54
563.04	1544.75
563.38	1558.80
563.72	1614.97
564.07	1673.48
564.41	1547.09
564.75	1586.88
565.10	1640.72
565.44	1575.18
565.78	1563.48
566.12	1568.16
566.47	1589.22
566.81	1551.78
567.15	1598.59
567.50	1650.08
567.84	1563.48
568.18	1582.20
568.52	1650.08
568.87	1643.06
569.21	1645.40
569.55	1598.59
569.89	1563.48
570.24	1614.97
570.58	1603.27
570.92	1554.12
571.26	1596.25
571.61	1650.08
571.95	1661.78
572.29	1673.48
572.63	1692.21
572.98	1652.42
573.32	1661.78
573.66	1629.01
574.00	1834.98
574.34	1659.44
574.69	1713.27
575.03	1654.76
575.37	1694.55
575.71	1849.02
576.05	1987.11
576.39	1968.39
576.74	2026.90
577.08	1987.11
577.42	1851.36
577.76	1902.86
578.10	2050.31
578.44	2104.14
578.78	2033.93
579.13	2197.76
579.47	2155.63
579.81	2143.93
580.15	2115.84
580.49	2024.56
580.83	2022.22
581.17	2036.27
581.51	2047.97
581.86	2066.69
582.20	2092.44
582.54	2172.02
582.88	2300.75
583.22	2200.10
583.56	2150.95
583.90	2157.97
584.24	2165.00
584.58	2265.64
584.92	2162.66
585.26	2083.08
585.60	2115.84
585.94	2211.81
586.28	2246.91
586.63	2431.82
586.97	2328.83
587.31	2349.90
587.65	2214.15
587.99	2356.92
588.33	2155.63
588.67	2157.97
589.01	2083.08
589.35	2008.18
589.69	1998.82
590.03	1987.11
590.37	1893.49
590.71	1940.30
591.05	1954.35
591.39	1928.60
591.73	1937.96
592.07	2024.56
592.41	2031.58
592.75	2087.76
593.08	1994.14
593.42	1947.33
593.76	1792.85
594.10	1853.70
594.44	1806.89
594.78	1741.36
595.12	1715.61
595.46	1680.50
595.80	1732.00
596.14	1643.06
596.48	1678.16
596.82	1643.06
597.16	1685.19
597.50	1685.19
597.83	1713.27
598.17	1746.04
598.51	1834.98
598.85	1783.49
599.19	1837.32
599.53	1764.76
599.87	1741.36
600.21	1647.74
600.54	1708.59
600.88	1692.21
601.22	1647.74
601.56	1629.01
601.90	1638.38
602.24	1617.31
602.57	1582.20
602.91	1549.43
603.25	1596.25
603.59	1568.16
603.93	1563.48
604.27	1568.16
604.60	1586.88
604.94	1621.99
605.28	1565.82
605.62	1563.48
605.96	1579.86
606.29	1575.18
606.63	1603.27
606.97	1771.79
607.31	1591.56
607.64	1708.59
607.98	1771.79
608.32	1781.15
608.66	1905.20
608.99	2139.25
609.33	2452.88
609.67	2897.58
610.01	3861.88
610.34	4936.19
610.68	5554.09
611.02	5825.59
611.36	5205.35
611.69	4891.72
612.03	4507.87
612.37	4042.11
612.70	3756.56
613.04	3358.67
613.38	3098.87
613.72	2977.16
614.05	2761.83
614.39	2572.25
614.73	2607.36
615.06	2396.71
615.40	2239.89
615.74	2167.34
616.07	2057.33
616.41	1970.73
616.74	1891.15
617.08	1832.64
617.42	1783.49
617.75	1839.66
618.09	1729.66
618.43	1734.34
618.76	1783.49
619.10	1844.34
619.44	1827.96
619.77	1792.85
620.11	1863.07
620.44	1830.30
620.78	1795.19
621.11	1724.97
621.45	1830.30
621.79	1743.70
622.12	1771.79
622.46	1717.95
622.79	1724.97
623.13	1788.17
623.46	1696.89
623.80	1685.19
624.14	1687.53
624.47	1614.97
624.81	1668.80
625.14	1675.82
625.48	1638.38
625.81	1570.50
626.15	1619.65
626.48	1675.82
626.82	1621.99
627.15	1509.65
627.49	1554.12
627.82	1591.56
628.16	1631.35
628.49	1626.67
628.83	1624.33
629.16	1607.95
629.50	1713.27
629.83	1743.70
630.17	1912.22
630.50	1912.22
630.84	1834.98
631.17	1734.34
631.50	1685.19
631.84	1589.22
632.17	1554.12
632.51	1497.94
632.84	1406.66
633.18	1441.77
633.51	1310.70
633.84	1427.73
634.18	1280.27
634.51	1261.55
634.85	1334.11
635.18	1362.19
635.51	1322.40
635.85	1345.81
636.18	1310.70
636.52	1301.34
636.85	1294.32
637.18	1268.57
637.52	1261.55
637.85	1240.48
638.18	1306.02
638.52	1231.12
638.85	1266.23
639.19	1261.55
639.52	1282.61
639.85	1306.02
640.19	1224.10
640.52	1336.45
640.85	1308.36
641.18	1214.74
641.52	1242.82
641.85	1270.91
642.18	1263.89
642.52	1336.45
642.85	1322.40
643.18	1259.21
643.52	1280.27
643.85	1280.27
644.18	1226.44
644.51	1331.76
644.85	1301.34
645.18	1231.12
645.51	1273.25
645.84	1308.36
646.18	1254.53
646.51	1224.10
646.84	1301.34
647.17	1231.12
647.51	1205.38
647.84	1177.29
648.17	1196.01
648.50	1266.23
648.83	1406.66
649.17	1310.70
649.50	1366.87
649.83	1352.83
650.16	1383.26
650.49	1291.98
650.83	1268.57
651.16	1273.25
651.49	1341.13
651.82	1336.45
652.15	1259.21
652.48	1242.82
652.82	1287.29
653.15	1235.80
653.48	1221.76
653.81	1156.22
654.14	1205.38
654.47	1219.42
654.80	1151.54
655.14	1226.44
655.47	1210.06
655.80	1247.51
656.13	1231.12
656.46	1184.31
656.79	1172.61
657.12	1221.76
657.45	1219.42
657.78	1228.78
658.11	1177.29
658.44	1149.20
658.78	1186.65
659.11	1181.97
659.44	1181.97
659.77	1149.20
660.10	1214.74
660.43	1226.44
660.76	1275.59
661.09	1240.48
661.42	1252.19
661.75	1277.93
662.08	1299.00
662.41	1172.61
662.74	1226.44
663.07	1233.46
663.40	1270.91
663.73	1249.85
664.06	1275.59
664.39	1153.88
664.72	1144.52
665.05	1172.61
665.38	1235.80
665.71	1228.78
666.04	1233.46
666.37	1174.95
666.70	1198.35
667.03	1275.59
667.36	1160.91
667.69	1231.12
668.02	1128.14
668.35	1188.99
668.67	1158.57
669.00	1212.40
669.33	1219.42
669.66	1153.88
669.99	1128.14
670.32	1170.27
670.65	1149.20
670.98	1128.14
671.31	1177.29
671.64	1118.78
671.96	1184.31
672.29	1217.08
672.62	1116.44
672.95	1165.59
673.28	1170.27
673.61	1219.42
673.94	1219.42
674.26	1109.41
674.59	1146.86
674.92	1088.35
675.25	1174.95
675.58	1102.39
675.91	1102.39
676.23	1163.25
676.56	1156.22
676.89	1158.57
677.22	1186.65
677.55	1146.86
677.88	1205.38
678.20	1179.63
678.53	1174.95
678.86	1167.93
679.19	1114.10
679.51	1123.46
679.84	1205.38
680.17	1193.67
680.50	1172.61
680.82	1181.97
681.15	1132.82
681.48	1123.46
681.81	1095.37
682.13	1121.12
682.46	1186.65
682.79	1123.46
683.12	1151.54
683.44	1167.93
683.77	1210.06
684.10	1151.54
684.42	1107.07
684.75	1160.91
685.08	1193.67
685.40	1146.86
685.73	1149.20
686.06	1146.86
686.39	1212.40
686.71	1193.67
687.04	1198.35
687.37	1184.31
687.69	1210.06
688.02	1151.54
688.34	1165.59
688.67	1203.04
689.00	1118.78
689.32	1146.86
689.65	1121.12
689.98	1156.22
690.30	1160.91
690.63	1170.27
690.95	1111.75
691.28	1146.86
691.61	1076.65
691.93	1128.14
692.26	1167.93
692.58	1170.27
692.91	1184.31
693.24	1125.80
693.56	1226.44
693.89	1088.35
694.21	1210.06
694.54	1245.16
694.86	1071.97
695.19	1109.41
695.51	1107.07
695.84	1165.59
696.16	1123.46
696.49	1149.20
696.81	1191.33
697.14	1118.78
697.46	1160.91
697.79	1114.10
698.11	1123.46
698.44	1118.78
698.76	1212.40
699.09	1135.16
699.41	1097.71
699.74	1100.05
700.06	1146.86
700.39	1177.29
700.71	1163.25
701.04	1114.10
701.36	1137.50
701.69	1118.78
702.01	1093.03
702.33	1156.22
702.66	1102.39
702.98	1172.61
703.31	1039.20
703.63	1135.16
703.96	1125.80
704.28	1111.75
704.60	1104.73
704.93	1151.54
705.25	1233.46
705.58	1172.61
705.90	1205.38
706.22	1207.72
706.55	1315.38
706.87	1247.51
707.19	1210.06
707.52	1259.21
707.84	1249.85
708.16	1247.51
708.49	1336.45
708.81	1324.74
709.13	1242.82
709.46	1254.53
709.78	1254.53
710.10	1188.99
710.43	1242.82
710.75	1172.61
711.07	1174.95
711.40	1226.44
711.72	1254.53
712.04	1256.87
712.37	1167.93
712.69	1252.19
713.01	1177.29
713.33	1200.69
713.66	1107.07
713.98	1191.33
714.30	1193.67
714.62	1181.97
714.95	1088.35
715.27	1149.20
715.59	1179.63
715.91	1107.07
716.24	1095.37
716.56	1102.39
716.88	1118.78
717.20	1135.16
717.52	1160.91
717.85	1125.80
718.17	1001.75
718.49	1100.05
718.81	1139.84
719.13	1064.94
719.46	1095.37
719.78	1088.35
720.10	1083.67
720.42	1109.41
720.74	1053.24
721.06	1135.16
721.38	1053.24
721.71	1043.88
722.03	1081.33
722.35	1001.75
722.67	1013.45
722.99	1001.75
723.31	1097.71
723.63	1097.71
723.95	1128.14
724.28	1158.57
724.60	1095.37
724.92	1090.69
725.24	1146.86
725.56	1032.18
725.88	1102.39
726.20	1100.05
726.52	1128.14
726.84	1018.13
727.16	1032.18
727.48	1128.14
727.80	1170.27
728.12	1095.37
728.44	1100.05
728.76	1057.92
729.08	1074.31
729.40	1121.12
729.72	1125.80
730.04	1060.26
730.36	1109.41
730.68	1123.46
731.00	1142.18
731.32	1064.94
731.64	1093.03
731.96	1097.71
732.28	1069.62
732.60	1114.10
732.92	1062.60
733.24	1083.67
733.56	1036.86
733.88	1064.94
734.20	1158.57
734.52	1104.73
734.84	1172.61
735.16	1071.97
735.48	1074.31
735.80	1104.73
736.12	1144.52
736.44	1078.99
736.76	1188.99
737.07	1104.73
737.39	1088.35
737.71	1132.82
738.03	1086.01
738.35	1088.35
738.67	1137.50
738.99	1121.12
739.31	1093.03
739.62	1050.90
739.94	1076.65
740.26	1097.71
740.58	1123.46
740.90	990.05
741.22	1109.41
741.54	1137.50
741.85	1083.67
742.17	1111.75
742.49	1104.73
742.81	1167.93
743.13	1100.05
743.44	1135.16
743.76	1109.41
744.08	1095.37
744.40	1086.01
744.72	1132.82
745.03	1116.44
745.35	1132.82
745.67	1104.73
745.99	1149.20
746.30	1071.97
746.62	1114.10
746.94	1174.95
747.26	1142.18
747.57	1060.26
747.89	1095.37
748.21	1114.10
748.52	1125.80
748.84	1086.01
749.16	1153.88
749.48	1093.03
749.79	1093.03
750.11	1118.78
750.43	1177.29
750.74	1179.63
751.06	1090.69
751.38	1067.28
751.69	1097.71
752.01	1046.22
752.33	1097.71
752.64	1067.28
752.96	1114.10
753.28	1118.78
753.59	1123.46
753.91	1100.05
754.23	1067.28
754.54	1139.84
754.86	1156.22
755.17	1074.31
755.49	1132.82
755.81	1167.93
756.12	1165.59
756.44	1100.05
756.75	1062.60
757.07	1048.56
757.38	1149.20
757.70	1039.20
758.02	1071.97
758.33	1142.18
758.65	1046.22
758.96	1086.01
759.28	1048.56
759.59	1074.31
759.91	1090.69
760.22	1071.97
760.54	1102.39
760.85	1067.28
761.17	1137.50
761.49	1121.12
761.80	1109.41
762.12	1107.07
762.43	1093.03
762.74	1083.67
763.06	1048.56
763.37	1102.39
763.69	1078.99
764.00	1102.39
764.32	1151.54
764.63	1151.54
764.95	1062.60
765.26	1107.07
765.58	1123.46
765.89	1100.05
766.21	1074.31
766.52	1132.82
766.83	1088.35
767.15	1142.18
767.46	1107.07
767.78	1083.67
768.09	1142.18
768.40	1097.71
768.72	1100.05
769.03	1109.41
769.35	1102.39
769.66	1116.44
769.97	1069.62
770.29	1071.97
770.60	1123.46
770.91	1109.41
771.23	1165.59
771.54	1135.16
771.85	1078.99
772.17	1062.60
772.48	1116.44
772.79	1123.46
773.11	1114.10
773.42	1078.99
773.73	1090.69
774.05	1102.39
774.36	1116.44
774.67	1132.82
774.98	1118.78
775.30	1074.31
775.61	1062.60
775.92	1071.97
776.24	1104.73
776.55	1132.82
776.86	1111.75
777.17	1114.10
777.49	1121.12
777.80	1025.15
778.11	1116.44
778.42	1109.41
778.74	1151.54
779.05	1121.12
779.36	1149.20
779.67	1076.65
779.98	1125.80
780.30	1013.45
780.61	1039.20
780.92	1062.60
781.23	1132.82
781.54	1095.37
781.85	1118.78
782.17	1093.03
782.48	1090.69
782.79	1114.10
783.10	1074.31
783.41	1086.01
783.72	1034.52
784.03	1107.07
784.35	1114.10
784.66	1097.71
784.97	1111.75
785.28	1132.82
785.59	1039.20
785.90	1067.28
786.21	1055.58
786.52	1104.73
786.83	1123.46
787.15	1088.35
787.46	1128.14
787.77	1074.31
788.08	1107.07
788.39	1107.07
788.70	1144.52
789.01	1118.78
789.32	1121.12
789.63	1100.05
789.94	1144.52
790.25	1093.03
790.56	1125.80
790.87	1060.26
791.18	1111.75
791.49	1128.14
791.80	1130.48
792.11	1121.12
792.42	1060.26
792.73	1130.48
793.04	1090.69
793.35	1116.44
793.66	1123.46
793.97	1076.65
794.28	1018.13
794.59	1041.54
794.90	1107.07
795.21	1130.48
795.52	1130.48
795.83	1114.10
796.14	1107.07
796.45	1095.37
796.75	1062.60
797.06	1039.20
797.37	1050.90
797.68	1083.67
797.99	1001.75
798.30	1100.05
798.61	1095.37
798.92	1027.50
799.23	1123.46
799.53	1069.62
799.84	1188.99
800.15	1050.90
800.46	1071.97
800.77	1064.94
801.08	1083.67
801.39	1069.62
801.69	1109.41
802.00	1057.92
802.31	1050.90
802.62	1090.69
802.93	1139.84
803.24	1062.60
803.54	1060.26
803.85	1078.99
804.16	1086.01
804.47	1095.37
804.77	1104.73
805.08	1076.65
805.39	1130.48
805.70	1118.78
806.01	1167.93
806.31	1142.18
806.62	1118.78
806.93	1158.57
807.24	1123.46
807.54	1076.65
807.85	1057.92
808.16	1102.39
808.46	1104.73
808.77	1107.07
809.08	1088.35
809.39	1083.67
809.69	1090.69
810.00	1043.88
810.31	1022.81
810.61	1048.56
810.92	1074.31
811.23	1128.14
811.53	1280.27
811.84	1146.86
812.15	1144.52
812.45	1121.12
812.76	1142.18
813.06	1109.41
813.37	1088.35
813.68	1090.69
813.98	1114.10
814.29	1139.84
814.60	1011.11
814.90	1093.03
815.21	1048.56
815.51	1104.73
815.82	1109.41
816.13	1067.28
816.43	1083.67
816.74	1107.07
817.04	1151.54
817.35	1114.10
817.65	1137.50
817.96	1090.69
818.26	1107.07
818.57	1083.67
818.88	1074.31
819.18	1104.73
819.49	1125.80
819.79	1128.14
820.10	1125.80
820.40	1071.97
820.71	1104.73
821.01	1086.01
821.32	1135.16
821.62	1111.75
821.93	1076.65
822.23	1111.75
822.53	1121.12
822.84	1074.31
823.14	1029.84
823.45	1093.03
823.75	1069.62
824.06	1048.56
824.36	1181.97
824.67	1125.80
824.97	1088.35
825.27	1156.22
825.58	1088.35
825.88	1090.69
826.19	1118.78
826.49	1088.35
826.79	1100.05
827.10	1088.35
827.40	1074.31
827.71	1076.65
828.01	1095.37
828.31	1086.01
828.62	1055.58
828.92	1062.60
829.22	1111.75
829.53	1071.97
829.83	1027.50
830.13	1132.82
830.44	1114.10
830.74	1151.54
831.04	1128.14
831.35	1039.20
831.65	1163.25
831.95	1137.50
832.26	1041.54
832.56	1097.71
832.86	1109.41
833.16	1125.80
833.47	1097.71
833.77	1050.90
834.07	1125.80
834.37	1107.07
834.68	1130.48
834.98	1186.65
835.28	1067.28
835.58	1114.10
835.89	1137.50
836.19	1167.93
836.49	1069.62
836.79	1118.78
837.10	1104.73
837.40	1144.52
837.70	1076.65
838.00	1142.18
838.30	1081.33
838.60	1078.99
838.91	1071.97
839.21	1135.16
839.51	1142.18
839.81	1081.33
840.11	1069.62
840.41	1076.65
840.72	1121.12
841.02	1125.80
841.32	1114.10
841.62	1118.78
841.92	1125.80
842.22	1130.48
842.52	1123.46
842.82	1060.26
843.12	1076.65
843.43	1135.16
843.73	1062.60
844.03	1018.13
844.33	1057.92
844.63	1109.41
844.93	1111.75
845.23	1109.41
845.53	1078.99
845.83	1081.33
846.13	1078.99
846.43	1104.73
846.73	1093.03
847.03	1114.10
847.33	1088.35
847.63	1088.35
847.93	1062.60
848.23	1109.41
848.53	1121.12
848.83	1100.05
849.13	1046.22
849.43	1095.37
849.73	1100.05
850.03	1090.69
850.33	1128.14
850.63	1067.28
850.93	1083.67
851.23	1039.20
851.53	1125.80
851.83	1128.14
852.13	1130.48
852.43	1100.05
852.73	1083.67
853.02	1064.94
853.32	1083.67
853.62	1102.39
853.92	1086.01
854.22	1083.67
854.52	1050.90
854.82	1088.35
855.12	1130.48
855.42	1053.24
855.71	1181.97
856.01	1097.71
856.31	1109.41
856.61	1123.46
856.91	1062.60
857.21	1116.44
857.50	1125.80
857.80	1088.35
858.10	1060.26
858.40	1067.28
858.70	1088.35
859.00	1069.62
859.29	1041.54
859.59	1018.13
859.89	1050.90
860.19	1078.99
860.48	1102.39
860.78	1020.47
861.08	1144.52
861.38	1107.07
861.67	1062.60
861.97	1071.97
862.27	1139.84
862.57	1064.94
862.86	1086.01
863.16	1062.60
863.46	1100.05
863.76	1132.82
864.05	1102.39
864.35	1137.50
864.65	1029.84
864.94	1090.69
865.24	1100.05
865.54	1125.80
865.83	1107.07
866.13	1118.78
866.43	1156.22
866.72	1107.07
867.02	1078.99
867.32	1128.14
867.61	1048.56
867.91	1069.62
868.20	1128.14
868.50	1071.97
868.80	1135.16
869.09	1114.10
869.39	1137.50
869.69	1018.13
869.98	1067.28
870.28	1132.82
870.57	1083.67
870.87	1032.18
871.16	1062.60
871.46	1107.07
871.76	1086.01
872.05	1130.48
872.35	1118.78
872.64	1111.75
872.94	1076.65
873.23	1118.78
873.53	1123.46
873.82	1043.88
874.12	1135.16
874.41	1036.86
874.71	1081.33
875.00	1102.39
875.30	1121.12
875.59	1100.05
875.89	1114.10
876.18	1083.67
876.48	1109.41
876.77	1097.71
877.07	1179.63
877.36	1125.80
877.66	1053.24
877.95	1050.90
878.24	1111.75
878.54	1095.37
878.83	1081.33
879.13	1081.33
879.42	1078.99
879.71	1076.65
880.01	1039.20
880.30	1071.97
880.60	1046.22
880.89	1097.71
881.18	1942.64
881.48	1118.78
881.77	1064.94
882.06	1078.99
882.36	1050.90
882.65	1097.71
882.95	1055.58
883.24	1130.48
883.53	1081.33
883.82	1100.05
884.12	1076.65
884.41	1100.05
884.70	1062.60
885.00	1172.61
885.29	1097.71
885.58	1100.05
885.88	1102.39
886.17	1142.18
886.46	1069.62
886.75	1114.10
887.05	1095.37
887.34	1125.80
887.63	1118.78
887.92	1102.39
888.22	1064.94
888.51	1064.94
888.80	1064.94